  -1.5622695e+01
   2.7492089e+01
   4.0347463e+01
  -1.2585653e+01
   3.1402056e+01
   4.9020377e+01
   5.6730144e+01
  -2.7531795e+01
  -6.1677359e+00
   1.0755495e+01
   5.2005547e+01
  -7.3738218e+00
  -1.9429977e+00
  -6.9941641e+00
  -4.1236367e+01
  -6.4956964e+00
  -7.5344977e+01
  -1.6545774e+00
  -4.6146036e+01
   4.8883032e+01
  -8.8802704e+00
  -4.2131123e+01
   3.2336390e+01
  -2.2916932e+01
   2.4547168e+01
  -9.4176234e+00
   2.7442695e+01
  -6.2408084e+00
   1.1905394e+01
  -4.9935601e+00
  -4.5704352e+00
   4.9776667e+01
   8.8435965e+00
   3.9706693e+01
   4.4585903e+00
   7.5165840e+01
  -1.2161772e+01
  -1.6895432e+01
   1.1887642e+01
  -1.3782639e+01
   2.8306416e+01
   5.9790258e+00
   6.0388914e+01
  -1.4639678e+01
   7.8705039e+00
  -4.8988747e+00
  -4.8452519e+01
   1.5043008e+00
   4.9394622e+01
   3.9486318e+00
   2.5872224e+01
  -3.3594036e+01
  -2.6277129e+01
  -4.8191040e+01
   5.6833501e+01
  -9.0916075e+00
   1.9939282e+01
  -1.6659463e+01
   2.7969737e+01
   1.9332692e+01
   6.8702240e+00
   4.3987961e+01
   3.3691990e+01
  -3.3843275e+01
  -9.0360427e+00
   3.6092041e+01
  -1.3236073e+01
   1.0570603e+01
  -4.7659778e+00
   5.4155481e+01
  -3.6083782e+00
  -5.0901326e+00
  -2.1785402e+00
   1.1893611e+01
   2.2402690e+01
  -9.2045824e+01
  -1.7749218e+01
  -3.8051353e+01
  -5.0276689e+01
   3.9118835e+01
   5.7399491e+01
  -1.5353273e+01
  -2.1383196e+00
   4.1340905e+01
   1.3116599e+01
   4.6279809e+01
   4.3562410e+01
   5.4648751e+01
   2.6990097e+00
   7.1804316e+01
  -5.3196576e+01
   2.6779628e+01
  -3.7098197e+01
   2.4769879e+01
  -4.2125649e+01
   3.1427874e+00
   7.7351995e+00
  -3.5080010e+01
  -3.7930177e+01
  -3.0710469e+01
